mydate <- c("1984-11-18",
            "1990-12-19",
            "1991-7-3",
            "1991-10-31",
            "1992-1-19",
            "1992-5-21",
            "1992-7-7",
            "1992-8-5",
            "1992-8-10",
            "1992-8-11",
            "1992-10-26",
            "1992-7-1",
            "1993-6-29",
            "1993-8-6",
            "1993-8-20",
            "1993-8-18",
            "1993-9-30",
            "1993-12-17",
            "1994-7-29",
            "1994-7-30",
            "1995-1-23",
            "1995-2-23",
            "1995-3-30",
            "1995-5-18",
            "1995-8-21",
            "1996-3-4",
            "1996-3-5",
            "1996-4-1",
            "1996-12-12",
            "1996-12-16",
            "1997-2-18",
            "1997-2-27",
            "1997-5-9",
            "1997-5-16",
            "1997-5-22",
            "1997-6-6",
            "1997-6-17",
            "1997-7-1",
            "1997-7-2",
            "1997-8-15",
            "1997-10-8",
            "1998-3-23",
            "1998-3-24",
            "1998-4-22",
            "1998-6-4",
            "1998-6-12",
            "1998-7-24",
            "1998-10-26",
            "1998-11-25",
            "1998-12-29",
            "1999-5-8",
            "1999-5-19",
            "1999-6-1",
            "1999-6-14",
            "1999-6-15",
            "1999-6-23",
            "1999-7-1",
            "1999-7-9",
            "1999-9-9",
            "1999-9-10",
            "1999-10-27",
            "1999-12-2",
            "1999-12-6",
            "2000-1-6",
            "2000-2-13",
            "2000-2-15",
            "2000-2-24",
            "2000-3-14",
            "2000-4-16",
            "2000-6-23",
            "2000-7-19",
            "2000-10-12",
            "2000-10-31",
            "2000-12-4",
            "2000-12-25",
            "2001-1-9",
            "2001-2-19",
            "2001-6-12",
            "2001-6-14",
            "2001-7-24",
            "2001-8-20",
            "2001-9-4",
            "2001-9-10",
            "2001-9-11",
            "2001-10-15",
            "2001-10-22",
            "2001-10-24",
            "2001-10-26",
            "2001-11-12",
            "2001-11-16",
            "2001-12-5",
            "2002-1-28",
            "2002-6-7",
            "2002-6-24",
            "2002-7-1",
            "2002-11-8",
            "2002-2-28",
            "2002-11-15",
            "2002-12-30",
            "2003-3-17",
            "2003-3-20",
            "2003-4-4",
            "2003-5-27",
            "2003-6-7",
            "2003-6-20",
            "2003-11-3",
            "2003-12-19",
            "2004-1-2",
            "2004-2-2",
            "2004-4-14",
            "2004-6-17",
            "2004-7-8",
            "2004-8-31",
            "2004-9-13",
            "2004-9-23",
            "2004-10-25",
            "2004-10-29",
            "2004-11-5",
            "2004-12-8",
            "2004-11-30",
            "2005-1-17",
            "2005-1-24",
            "2005-2-24",
            "2005-4-5",
            "2005-4-30",
            "2005-5-10",
            "2005-5-16",
            "2005-5-16",
            "2005-6-6",
            "2005-6-10",
            "2005-6-20",
            "2005-8-24",
            "2005-9-5",
            "2005-12-9",
            "2005-12-6",
            "2006-1-14",
            "2006-1-25",
            "2006-2-25",
            "2006-03-17",
            "2006-3-1",
            "2006-4-3",
            "2006-4-17",
            "2006-5-15",
            "2006-5-18",
            "2006-6-14",
            "2006-7-3",
            "2006-7-13",
            "2006-11-20",
            "2006-11-27",
            "2007-1-9",
            "2007-5-14",
            "2007-5-14",
            "2007-5-30",
            "2007-6-5",
            "2007-7-16",
            "2007-8-9",
            "2007-10-15",
            "2007-10-16",
            "2007-11-5",
            "2007-11-13",
            "2008-1-15",
            "2008-1-16",
            "2008-1-21",
            "2008-2-5",
            "2008-2-20",
            "2008-4-22",
            "2008-4-29",
            "2008-5-12",
            "2008-6-7",
            "2008-6-20",
            "2008-8-25",
            "2008-8-28",
            "2008-9-14",
            "2008-9-16",
            "2008-9-19",
            "2008-10-21",
            "2008-10-6",
            "2008-10-8",
            "2008-11-3",
            "2008-11-11",
            "2008-11-11",
            "2008-11-21",
            "2008-11-24",
            "2008-11-26",
            "2008-11-27",
            "2008-12-23",
            "2008-12-31")
